+201010634589
+201010712891
+201018459635
+201018602689
+201019574001
+201021708473
+201021946423
+201023214937
+201023257539
+201025153370
+201026378782
+201027177296
+201027894391
+201029083410
+201029180889
+201050787209
+201060403377
+201065632107
+201067029763
+201067627813
+201070149471
+201091020725
+201093204831
+201094313033
+201095586214
+201096633021
+201099380655
+201112403874
+201115836318
+201118099027
+201120103718
+201121015994
+201124203003
+201124545216
+201126440460
+201128071159
+201128849423
+201129201135
+201140414861
+201144899694
+201144899694
+201148120909
+201150635450
+201155275175
+201156463966
+201201620640
+201202607992
+201208244781
+201211769390
+201225316665
+201226180360
+201273435170
+201273548219
+201274751257
+201280545099
+201281299835
+201281875205
+201550283207
+201550323393
+201550418143
+201553504021
+201555823775
+201559566981
+212606707388
+966136390981
+966181230407
+966893929931
+966459434952
+966855138568
+9647762049010
+96551059741
+96560989977
+96590054227
+966503009103
+966503149201
+966508357997
+966532511376
+966545240672
+966545321029
+966545909461
+966548235811
+966556814250
+966560963477
+966561870816
+966562067191
+966575385038
+966576255383
+966578128939
+966578265280
+966589248542
+966593158257
+966595894351
+966596154381
+966598286719
+966599742111
+967700362053
+967711176290
+967711825916
+967714906141
+201008526952
+201001424423
+201001747423
+201002803271
+201002940662
+201004356220
+201004578590
+966564415439
+201111772957
+966550907650
+9647762049010
+201277351598
+966563628939
+966596391543
+967733553182